9

0 15 30 45 22 34 27 40 38
15 0 20 32 18 25 29 37 31
30 20 0 35 28 22 40 33 19
45 32 35 0 24 38 30 28 36
22 18 28 24 0 20 26 29 34
34 25 22 38 20 0 27 19 23
27 29 40 30 26 27 0 31 21
40 37 33 28 29 19 31 0 25
38 31 19 36 34 23 21 25 0

0 30 25 40 35 18 22 30 27
30 0 20 28 34 25 27 38 30
25 20 0 26 22 32 24 35 28
40 28 26 0 30 24 36 33 25
35 34 22 30 0 18 29 20 40
18 25 32 24 18 0 27 34 21
22 27 24 36 29 27 0 23 33
30 38 35 33 20 34 23 0 37
27 30 28 25 40 21 33 37 0

(100,100)
(180,240)
(250,380)
(320,180)
(400,320)
(480,440)
(560,200)
(630,360)
(700,500)
